200
23 2
47 1
47 10
21 4
46 30
42 7
27 31
12 49
30 4
47 38
4 23
39 18
37 2
29 24
44 35
11 34
7 6
18 46
34 32
46 18
3 9
12 30
3 20
13 22
11 10
34 26
31 34
24 50
50 26
42 29
23 34
24 19
12 45
15 19
50 20
21 18
42 48
18 14
11 37
47 9
40 19
48 30
34 4
6 43
17 25
25 1
38 9
40 4
45 13
48 47
50 25
22 14
28 38
12 48
16 48
50 22
27 4
30 18
27 9
26 16
39 28
29 28
38 16
36 6
50 39
2 21
2 28
35 35
31 45
11 40
10 4
9 9
23 3
27 3
20 23
48 36
40 47
49 43
18 35
34 39
13 19
45 20
22 18
2 18
16 17
42 12
40 21
46 35
26 40
34 41
25 43
30 40
29 34
37 12
43 29
5 23
20 22
39 41
21 48
28 2
24 2
26 29
17 14
46 36
11 6
22 17
39 32
4 2
9 16
18 29
46 9
22 41
50 13
47 26
24 40
5 5
10 21
3 13
43 19
25 12
4 9
25 50
17 45
5 31
44 17
27 22
35 43
10 14
35 26
28 16
29 44
6 10
41 6
42 10
39 4
48 18
46 22
50 28
7 31
15 9
10 16
18 3
30 26
49 42
40 31
24 41
14 24
12 19
21 10
46 27
7 17
9 17
5 21
8 12
50 50
50 3
30 37
8 43
23 7
7 5
38 34
6 20
11 22
10 41
46 1
28 30
17 9
6 32
32 5
25 9
3 36
22 34
34 22
34 15
43 4
2 45
50 42
38 4
26 35
2 2
2 50
13 37
26 42
2 1
41 13
16 19
48 33
43 15
17 31
19 23
33 30
48 46
4 24
35 3
48 20
44 8
29 15
14 50
40 27
6 8